command_manager/robot_simple_command_manager: 1624606964.100207
command_manager/robot_simple_command_sequencer: 1624606964.188207
localization/marker_mapping: 1624606916.276208
localization/multimap_server: 1624606916.468208
manipulation/universal_robot/universal_robot: 1624607346.684197
manipulation/universal_robot/ur_bringup: 1624607338.348197
manipulation/universal_robot/ur_driver: 1624607337.656197
manipulation/universal_robot/ur_e_description: 1624607356.080197
manipulation/universal_robot/ur_e_gazebo: 1624607338.432197
manipulation/universal_robot/ur_msgs: 1624607356.248197
msgs/multimap_server_msgs: 1624607337.356197
msgs/procedures_msgs: 1624607337.480197
msgs/robot_local_control_msgs: 1624607337.304197
msgs/robot_simple_command_manager_msgs: 1624607337.432197
msgs/robotnik_msgs: 1624607336.916197
msgs/robotnik_navigation_msgs: 1624607337.536197
msgs/robotnik_signal_msgs: 1624607336.568197
navigation/robotnik_localization/icp_pose_corrector: 1624607004.788206
others/costmap_prohibition_layer: 1624607009.068205
others/daly_bms: 1624607008.036206
others/rcomponent: 1624607008.544205
others/robotnik_pad/robotnik_pad_msgs: 1624607008.956205
others/robotnik_utils/network_monitor: 1624607007.664206
others/rosmon/rosmon: 1624607010.536205
others/rosmon/rosmon_core: 1624607010.456205
others/rosmon/rosmon_msgs: 1624607010.508205
others/rosmon/rqt_rosmon: 1624607009.632205
others/safety_module: 1624607009.152205
private/battery_manager/battery_estimation: 1624607383.380196
private/battery_manager/charge_manager: 1624607382.936196
private/robot_local_control/procedures: 1624607383.636196
private/robot_local_control/procedures_test_msgs: 1624607383.532196
private/robot_local_control/robot_local_control: 1624607384.924196
private/robot_local_control/robot_local_control_bringup: 1624607383.488196
private/robot_local_control/robot_local_control_components: 1624607384.060196
private/robot_local_control/robot_local_control_dummy_components: 1624607384.316196
private/robot_local_control/robot_local_control_procedures: 1624607384.620196
private/robot_local_control/robot_local_control_test: 1624607384.692196
private/robot_local_control/service_shifter: 1624607384.420196
private/robotnik_base_hw_lib: 1624607382.844196
private/robotnik_navigation/robotnik_detection/image_filter: 1624607386.180196
private/robotnik_navigation/robotnik_detection/robotnik_locator: 1624607385.872196
private/robotnik_navigation/robotnik_docker: 1624607385.424196
private/robotnik_navigation/robotnik_move: 1624607386.992196
private/robotnik_navigation/robotnik_pose_filter: 1624607385.528196
private/robotnik_navigation/robotnik_safety_controller: 1624607385.156196
private/robotnik_navigation/robotnik_velocity_limiter: 1624607385.020196
robot/rbkairos_common/moveit/rbkairos_5_plus_config: 1624606973.580206
robot/rbkairos_common/moveit/rbkairos_plus_ur5_vgc10_moveit_config: 1624606973.184206
robot/summit_xl_common/moveit/summit_xl_j2s6s200_moveit_config: 1624607004.284206
robot/summit_xl_common/moveit/summit_xl_j2s6s300_moveit_config: 1624607004.096206
robot_bringup: 1624607336.512197
